Nanometers   Percentual
-----------------------
355.5,       110.0
356.1,       110.0
356.6,       110.0
357.2,       110.0
357.7,       110.0
358.3,       110.0
358.8,       110.0
359.4,       110.0
359.9,       110.0
360.5,       110.0
361.0,       110.0
361.6,       110.0
362.1,       110.0
362.7,       110.0
363.2,       110.0
363.8,       110.0
364.3,       110.0
364.9,       110.0
365.4,       110.0
366.0,       110.0
366.5,       110.0
367.1,       110.0
367.6,       110.0
368.2,       110.0
368.7,       110.0
369.3,       110.0
369.8,       110.0
370.4,       110.0
370.9,       110.0
371.5,       110.0
372.0,       110.0
372.6,       110.0
373.1,       110.0
373.7,       110.0
374.2,       110.0
374.8,       110.0
375.3,       110.0
375.9,       110.0
376.4,       110.0
377.0,       110.0
377.5,       110.0
378.1,       110.0
378.6,       110.0
379.2,       110.0
379.7,       110.0
380.3,       110.0
380.8,       110.0
381.4,       110.0
381.9,       110.0
382.5,       110.0
383.0,       110.0
383.6,       110.0
384.1,       110.0
384.7,       110.0
385.2,       110.0
385.8,       110.0
386.3,       110.0
386.9,       110.0
387.4,       110.0
388.0,       110.0
388.5,       110.0
389.1,       110.0
389.6,       109.3
390.2,       110.0
390.7,       110.0
391.3,       110.0
391.8,       110.0
392.4,       109.9
392.9,       107.2
393.5,       105.2
394.0,       106.3
394.6,       106.8
395.1,       105.8
395.7,       104.3
396.2,       104.5
396.8,       103.9
397.3,       103.0
397.9,       104.4
398.4,       103.7
399.0,       102.6
399.5,       103.1
400.1,       101.9
400.6,        99.9
401.2,        98.0
401.7,        98.4
402.3,        96.7
402.8,        98.1
403.4,        96.6
403.9,        95.0
404.5,        94.8
405.0,        92.6
405.6,        92.3
406.1,        92.7
406.7,        92.0
407.2,        91.3
407.8,        89.8
408.3,        89.3
408.9,        88.0
409.4,        86.3
410.0,        85.6
410.5,        84.4
411.1,        83.6
411.6,        82.4
412.2,        81.6
412.7,        81.7
413.3,        80.7
413.8,        81.5
414.4,        79.6
414.9,        78.7
415.5,        76.9
416.0,        75.1
416.6,        74.0
417.1,        73.7
417.7,        72.6
418.2,        71.7
418.8,        70.4
419.3,        69.4
419.9,        69.0
420.4,        68.3
421.0,        68.1
421.5,        67.0
422.1,        66.2
422.6,        64.9
423.2,        63.4
423.7,        62.4
424.3,        62.2
424.8,        61.1
425.4,        59.6
425.9,        59.4
426.5,        59.2
427.0,        57.6
427.6,        57.4
428.1,        57.6
428.6,        56.6
429.2,        56.1
429.7,        55.7
430.3,        55.5
430.8,        54.1
431.4,        53.5
431.9,        53.1
432.5,        55.3
433.0,        62.5
433.6,        68.9
434.1,        67.2
434.7,        60.8
435.2,        61.4
435.8,        66.2
436.3,        69.4
436.9,        63.2
437.4,        51.3
438.0,        44.8
438.5,        42.3
439.1,        41.9
439.6,        43.5
440.2,        46.0
440.7,        48.1
441.3,        49.0
441.8,        48.5
442.4,        47.1
442.9,        47.7
443.5,        48.1
444.0,        47.2
444.6,        47.3
445.1,        47.7
445.7,        46.7
446.2,        46.9
446.8,        46.4
447.3,        46.0
447.9,        45.4
448.4,        45.2
449.0,        45.6
449.5,        45.8
450.1,        46.1
450.6,        46.0
451.2,        45.3
451.7,        45.5
452.3,        45.6
452.8,        45.4
453.4,        45.4
453.9,        45.7
454.5,        45.9
455.0,        45.2
455.6,        45.5
456.1,        45.5
456.7,        45.2
457.2,        45.0
457.8,        44.8
458.3,        44.5
458.9,        44.8
459.4,        44.9
460.0,        44.7
460.5,        44.9
461.1,        45.3
461.6,        45.4
462.2,        45.8
462.7,        46.2
463.3,        46.2
463.8,        46.4
464.4,        46.1
464.9,        46.0
465.5,        46.0
466.0,        45.5
466.6,        46.1
467.1,        46.2
467.7,        46.9
468.2,        47.3
468.8,        47.6
469.3,        47.9
469.9,        48.7
470.4,        48.9
471.0,        48.6
471.5,        49.7
472.1,        49.9
472.6,        49.8
473.2,        49.5
473.7,        50.2
474.3,        51.2
474.8,        50.9
475.4,        52.0
475.9,        52.1
476.5,        53.0
477.0,        54.0
477.6,        54.6
478.1,        55.1
478.7,        56.5
479.2,        58.6
479.8,        60.1
480.3,        61.7
480.9,        63.8
481.4,        66.4
482.0,        67.6
482.5,        68.8
483.1,        70.6
483.6,        71.3
484.2,        72.2
484.7,        73.1
485.3,        73.4
485.8,        73.9
486.4,        74.0
486.9,        73.9
487.5,        74.0
488.0,        73.7
488.6,        73.7
489.1,        73.4
489.7,        73.4
490.2,        72.9
490.8,        72.5
491.3,        72.5
491.9,        73.3
492.4,        74.3
493.0,        74.2
493.5,        74.4
494.1,        74.3
494.6,        73.9
495.2,        74.0
495.7,        73.7
496.3,        73.5
496.8,        72.9
497.4,        72.7
497.9,        72.6
498.5,        72.4
499.0,        72.4
499.6,        72.6
500.1,        72.0
500.7,        71.4
501.2,        71.2
501.8,        70.9
502.3,        70.9
502.9,        70.1
503.4,        70.0
504.0,        70.1
504.5,        69.8
505.1,        69.9
505.6,        69.2
506.2,        69.1
506.7,        69.4
507.3,        69.3
507.8,        69.9
508.4,        69.8
508.9,        69.3
509.5,        69.7
510.0,        69.9
510.6,        69.8
511.1,        69.6
511.7,        69.4
512.2,        69.6
512.8,        69.0
513.3,        68.8
513.9,        68.0
514.4,        67.5
515.0,        67.3
515.5,        66.2
516.1,        65.9
516.6,        65.9
517.2,        65.3
517.7,        64.8
518.3,        64.0
518.8,        64.0
519.4,        63.3
519.9,        63.8
520.5,        62.9
521.0,        62.4
521.6,        62.6
522.1,        62.6
522.7,        62.5
523.2,        62.3
523.8,        62.3
524.3,        62.5
524.9,        62.7
525.4,        63.0
526.0,        63.4
526.5,        63.6
527.1,        64.3
527.6,        64.7
528.1,        65.1
528.7,        65.2
529.2,        65.4
529.8,        65.9
530.3,        65.7
530.9,        65.8
531.4,        66.6
532.0,        67.7
532.5,        68.5
533.1,        70.5
533.6,        73.1
534.2,        75.3
534.7,        75.6
535.3,        74.2
535.8,        72.8
536.4,        71.4
536.9,        69.3
537.5,        69.0
538.0,        68.6
538.6,        69.2
539.1,        68.5
539.7,        68.3
540.2,        69.0
540.8,        71.9
541.3,        76.0
541.9,        80.0
542.4,        82.8
543.0,        84.6
543.5,        84.8
544.1,        83.5
544.6,        82.8
545.2,        82.6
545.7,        82.5
546.3,        84.2
546.8,        86.5
547.4,        88.6
547.9,        87.4
548.5,        83.6
549.0,        80.6
549.6,        78.8
550.1,        76.9
550.7,        75.3
551.2,        73.6
551.8,        72.3
552.3,        71.5
552.9,        71.6
553.4,        72.3
554.0,        73.4
554.5,        75.0
555.1,        76.2
555.6,        77.5
556.2,        78.5
556.7,        79.3
557.3,        79.7
557.8,        80.8
558.4,        82.1
558.9,        83.7
559.5,        84.6
560.0,        85.4
560.6,        86.6
561.1,        88.3
561.7,        90.9
562.2,        93.1
562.8,        96.3
563.3,        98.5
563.9,       100.4
564.4,       101.1
565.0,       102.7
565.5,       105.0
566.1,       106.1
566.6,       107.6
567.2,       109.2
567.7,       110.0
568.3,       110.0
568.8,       108.9
569.4,       106.6
569.9,       104.0
570.5,       101.4
571.0,        98.6
571.6,        94.6
572.1,        89.8
572.7,        85.4
573.2,        82.4
573.8,        80.0
574.3,        79.1
574.9,        77.8
575.4,        75.7
576.0,        75.2
576.5,        76.4
577.1,        81.7
577.6,        88.1
578.2,        93.9
578.7,        96.4
579.3,        98.9
579.8,       102.7
580.4,       108.5
580.9,       110.0
581.5,       110.0
582.0,       109.3
582.6,       108.8
583.1,       109.7
583.7,       110.0
584.2,       110.0
584.8,       110.0
585.3,       110.0
585.9,       110.0
586.4,       110.0
587.0,       110.0
587.5,       110.0
588.1,       110.0
588.6,       110.0
589.2,       110.0
589.7,       110.0
590.3,       110.0
590.8,       110.0
591.4,       110.0
591.9,       110.0
592.5,       110.0
593.0,       110.0
593.6,       110.0
594.1,       110.0
594.7,       110.0
595.2,       110.0
595.8,       110.0
596.3,       110.0
596.9,       110.0
597.4,       110.0
598.0,       110.0
598.5,       110.0
599.1,       110.0
599.6,       110.0
600.2,       110.0
600.7,       110.0
601.3,       110.0
601.8,       110.0
602.4,       110.0
602.9,       110.0
603.5,       110.0
604.0,       110.0
604.6,       110.0
605.1,       110.0
605.7,       110.0
606.2,       110.0
606.8,       110.0
607.3,       110.0
607.9,       110.0
608.4,       110.0
609.0,       110.0
609.5,       110.0
610.1,       110.0
610.6,       107.3
611.2,       105.5
611.7,       105.7
612.3,       107.0
612.8,       110.0
613.4,       110.0
613.9,       110.0
614.5,       110.0
615.0,       110.0
615.6,       110.0
616.1,       110.0
616.7,       110.0
617.2,       110.0
617.8,       110.0
618.3,       110.0
618.9,       110.0
619.4,       110.0
620.0,       110.0
620.5,       110.0
621.1,       110.0
621.6,       110.0
622.2,       110.0
622.7,       110.0
623.3,       110.0
623.8,       110.0
624.4,       110.0
624.9,       110.0
625.5,       110.0
626.0,       110.0
626.6,       110.0
627.1,       110.0
627.6,       110.0
628.2,       110.0
628.7,       110.0
629.3,       110.0
629.8,       110.0
630.4,       110.0
630.9,       110.0
631.5,       110.0
632.0,       110.0
632.6,       110.0
633.1,       110.0
633.7,       110.0
634.2,       110.0
634.8,       110.0
635.3,       110.0
635.9,       110.0
636.4,       110.0
637.0,       110.0
637.5,       110.0
638.1,       110.0
638.6,       110.0
639.2,       110.0
639.7,       110.0
640.3,       110.0
640.8,       110.0
641.4,       110.0
641.9,       110.0
642.5,       110.0
643.0,       110.0
643.6,       110.0
644.1,       110.0
644.7,        98.1
645.2,        89.2
645.8,        84.7
646.3,        82.8
646.9,        81.8
647.4,        80.8
648.0,        80.0
648.5,        78.6
649.1,        78.0
649.6,        77.9
650.2,        78.3
650.7,        78.7
651.3,        80.4
651.8,        83.0
652.4,        86.0
652.9,        90.1
653.5,        93.8
654.0,        98.0
654.6,       103.3
655.1,       108.4
655.7,       110.0
656.2,       110.0
656.8,       110.0
657.3,       110.0
657.9,       110.0
658.4,       110.0
659.0,       110.0
659.5,       110.0
660.1,       110.0
660.6,       110.0
661.2,       110.0
661.7,       110.0
662.3,       110.0
662.8,       110.0
663.4,       110.0
663.9,       110.0
664.5,       110.0
665.0,       108.8
665.6,       108.8
666.1,       108.0
666.7,       105.9
667.2,       107.4
667.8,       110.0
668.3,       110.0
668.9,       110.0
669.4,       110.0
670.0,       110.0
670.5,       110.0
671.1,       110.0
671.6,       110.0
672.2,       110.0
672.7,       110.0
673.3,       110.0
673.8,       110.0
674.4,       110.0
674.9,       110.0
675.5,       110.0
676.0,       110.0
676.6,       110.0
677.1,       110.0
677.7,       110.0
678.2,       110.0
678.8,       110.0
679.3,       110.0
679.9,       110.0
680.4,       110.0
681.0,       110.0
681.5,       110.0
682.1,       110.0
682.6,       110.0
683.2,       110.0
683.7,       110.0
684.3,       110.0
684.8,       110.0
685.4,       110.0
685.9,       110.0
686.5,       110.0
687.0,       110.0
687.6,       110.0
688.1,       110.0
688.7,       110.0
689.2,       110.0
689.8,       110.0
690.3,       110.0
690.9,       110.0
691.4,       110.0
692.0,       110.0
692.5,       110.0
693.1,       110.0
693.6,       110.0
694.2,       110.0
694.7,       110.0
695.3,       110.0
695.8,       110.0
696.4,       110.0
696.9,       110.0
697.5,       110.0
698.0,       110.0
698.6,       110.0
699.1,       110.0
699.7,       110.0
700.2,       110.0
700.8,       110.0
701.3,       110.0
701.9,       110.0
702.4,       110.0
703.0,       110.0
703.5,       110.0
704.1,       110.0
704.6,       110.0
705.2,       110.0
705.7,       110.0
706.3,       110.0
706.8,       110.0
707.4,       110.0
707.9,       110.0
708.5,       110.0
709.0,       110.0
709.6,       110.0
710.1,       110.0
710.7,       110.0
711.2,       110.0
711.8,       110.0
712.3,       110.0
712.9,       110.0
713.4,       110.0
714.0,       110.0
714.5,       110.0
715.1,       110.0
715.6,       110.0
716.2,       110.0
716.7,       110.0
717.3,       110.0
717.8,       110.0
718.4,       110.0
718.9,       110.0
719.5,       110.0
720.0,       110.0
720.6,       110.0
721.1,       110.0
721.7,       110.0
722.2,       110.0
722.8,       110.0
723.3,       110.0
723.9,       110.0
724.4,       110.0
725.0,       110.0
725.5,       110.0
726.1,       110.0
726.6,       110.0
727.2,       110.0
727.7,       110.0
728.2,       110.0
728.8,       110.0
729.3,       110.0
729.9,       110.0
730.4,       110.0
731.0,       110.0
731.5,       110.0
732.1,       110.0
732.6,       110.0
733.2,       110.0
733.7,       110.0
734.3,       110.0
734.8,       110.0
735.4,       110.0
735.9,       110.0
736.5,       110.0
737.0,       110.0
737.6,       110.0
738.1,       110.0
738.7,       110.0
739.2,       110.0
739.8,       110.0
740.3,       110.0
740.9,       110.0
741.4,       110.0
742.0,       110.0
742.5,       110.0
743.1,       110.0
743.6,       110.0
744.2,       110.0
744.7,       110.0
745.3,       110.0
745.8,       110.0
746.4,       110.0
746.9,       110.0
747.5,       110.0
748.0,       110.0
748.6,       110.0
749.1,       110.0
749.7,       110.0
750.2,       110.0
750.8,       110.0
751.3,       110.0
751.9,       110.0
752.4,       110.0
753.0,       110.0
753.5,       110.0
754.1,       110.0
754.6,       110.0
755.2,       110.0
755.7,       110.0
756.3,       110.0
756.8,       110.0
757.4,       110.0
757.9,       110.0
758.5,       110.0
759.0,       110.0
759.6,       110.0
760.1,       110.0
760.7,       110.0
761.2,       110.0
761.8,       110.0
762.3,       110.0
762.9,       110.0
763.4,       110.0
764.0,       110.0
764.5,       110.0
765.1,       110.0
765.6,       110.0
766.2,       110.0
766.7,       110.0
767.3,       110.0
767.8,       110.0
768.4,       110.0
768.9,       110.0
769.5,       110.0
770.0,       110.0
770.6,       110.0
771.1,       110.0
771.7,       110.0
772.2,       110.0
772.8,       110.0
773.3,       110.0
773.9,       110.0
774.4,       110.0
775.0,       110.0
775.5,       110.0
776.1,       110.0
