Nanometers   Percentual
-----------------------
355.5,46.0
356.1,44.4
356.6,43.2
357.2,44.9
357.7,45.4
358.3,43.5
358.8,43.8
359.4,43.3
359.9,43.8
360.5,43.5
361.0,43.9
361.6,43.9
362.1,44.0
362.7,43.7
363.2,44.2
363.8,42.7
364.3,42.3
364.9,42.1
365.4,41.5
366.0,41.6
366.5,42.9
367.1,42.6
367.6,43.0
368.2,42.9
368.7,42.8
369.3,43.3
369.8,43.7
370.4,43.1
370.9,43.2
371.5,43.8
372.0,43.5
372.6,43.4
373.1,43.2
373.7,43.6
374.2,43.7
374.8,43.2
375.3,42.8
375.9,43.3
376.4,44.7
377.0,43.8
377.5,45.2
378.1,44.7
378.6,44.9
379.2,45.9
379.7,46.1
380.3,44.8
380.8,45.9
381.4,46.3
381.9,47.0
382.5,46.5
383.0,46.4
383.6,46.8
384.1,47.2
384.7,47.2
385.2,47.6
385.8,46.9
386.3,47.3
386.9,47.6
387.4,49.5
388.0,49.9
388.5,50.5
389.1,51.0
389.6,49.8
390.2,52.4
390.7,52.5
391.3,52.1
391.8,54.4
392.4,53.0
392.9,52.6
393.5,51.5
394.0,52.3
394.6,53.9
395.1,53.0
395.7,54.2
396.2,54.0
396.8,53.2
397.3,52.4
397.9,52.1
398.4,52.0
399.0,52.8
399.5,53.3
400.1,53.7
400.6,53.3
401.2,52.5
401.7,54.2
402.3,53.8
402.8,54.0
403.4,53.3
403.9,52.4
404.5,52.6
405.0,52.8
405.6,50.1
406.1,50.5
406.7,51.5
407.2,50.2
407.8,49.4
408.3,49.6
408.9,48.9
409.4,48.4
410.0,47.5
410.5,48.2
411.1,48.3
411.6,49.0
412.2,49.3
412.7,48.2
413.3,47.8
413.8,46.1
414.4,45.6
414.9,45.0
415.5,43.5
416.0,43.5
416.6,42.7
417.1,42.6
417.7,43.0
418.2,41.7
418.8,41.3
419.3,40.5
419.9,40.2
420.4,40.0
421.0,38.3
421.5,37.8
422.1,37.3
422.6,37.3
423.2,38.1
423.7,36.6
424.3,36.2
424.8,35.4
425.4,35.1
425.9,35.1
426.5,33.9
427.0,33.3
427.6,33.7
428.1,33.7
428.6,33.3
429.2,32.3
429.7,32.4
430.3,32.5
430.8,32.4
431.4,32.3
431.9,32.0
432.5,32.6
433.0,33.2
433.6,30.8
434.1,25.8
434.7,21.4
435.2,21.9
435.8,25.8
436.3,33.3
436.9,35.3
437.4,30.6
438.0,25.0
438.5,22.6
439.1,22.7
439.6,24.6
440.2,26.8
440.7,27.6
441.3,28.4
441.8,27.7
442.4,27.1
442.9,27.3
443.5,27.5
444.0,27.1
444.6,26.4
445.1,26.6
445.7,26.7
446.2,26.9
446.8,26.8
447.3,26.7
447.9,26.7
448.4,25.6
449.0,25.5
449.5,25.6
450.1,24.9
450.6,25.2
451.2,24.9
451.7,24.9
452.3,24.7
452.8,24.7
453.4,24.9
453.9,25.4
454.5,25.0
455.0,24.8
455.6,25.2
456.1,24.7
456.7,24.7
457.2,24.8
457.8,24.6
458.3,24.7
458.9,24.1
459.4,24.0
460.0,24.6
460.5,24.5
461.1,24.4
461.6,24.6
462.2,24.2
462.7,25.3
463.3,25.1
463.8,24.7
464.4,24.6
464.9,24.0
465.5,24.6
466.0,24.7
466.6,24.6
467.1,25.0
467.7,25.1
468.2,25.1
468.8,25.4
469.3,25.7
469.9,25.2
470.4,25.2
471.0,24.7
471.5,24.4
472.1,24.9
472.6,24.9
473.2,24.6
473.7,24.1
474.3,24.7
474.8,24.9
475.4,24.5
475.9,24.6
476.5,24.9
477.0,24.2
477.6,24.5
478.1,24.1
478.7,24.4
479.2,24.0
479.8,23.5
480.3,23.6
480.9,23.5
481.4,23.1
482.0,22.2
482.5,22.3
483.1,22.2
483.6,21.9
484.2,21.8
484.7,22.3
485.3,21.9
485.8,21.9
486.4,22.4
486.9,22.6
487.5,23.1
488.0,24.2
488.6,25.0
489.1,25.8
489.7,26.1
490.2,26.5
490.8,26.8
491.3,26.2
491.9,26.7
492.4,27.2
493.0,27.2
493.5,27.6
494.1,27.6
494.6,28.2
495.2,28.0
495.7,28.0
496.3,28.1
496.8,28.0
497.4,27.9
497.9,28.2
498.5,28.3
499.0,28.1
499.6,28.2
500.1,28.1
500.7,28.2
501.2,28.0
501.8,28.4
502.3,28.2
502.9,28.1
503.4,28.3
504.0,28.4
504.5,28.0
505.1,27.4
505.6,27.5
506.2,27.5
506.7,26.9
507.3,26.6
507.8,26.2
508.4,25.9
508.9,25.2
509.5,25.6
510.0,25.3
510.6,25.8
511.1,25.4
511.7,25.4
512.2,25.6
512.8,25.4
513.3,25.3
513.9,25.1
514.4,25.5
515.0,26.2
515.5,26.1
516.1,25.6
516.6,26.2
517.2,25.9
517.7,26.3
518.3,27.0
518.8,27.6
519.4,28.3
519.9,29.7
520.5,30.3
521.0,30.3
521.6,30.0
522.1,30.2
522.7,30.9
523.2,31.1
523.8,31.6
524.3,32.5
524.9,32.3
525.4,32.1
526.0,31.1
526.5,30.1
527.1,28.1
527.6,27.1
528.1,26.6
528.7,26.0
529.2,25.4
529.8,25.4
530.3,25.0
530.9,24.5
531.4,24.3
532.0,23.3
532.5,23.3
533.1,23.0
533.6,22.6
534.2,22.5
534.7,23.2
535.3,23.9
535.8,24.3
536.4,23.7
536.9,22.0
537.5,20.9
538.0,19.8
538.6,19.4
539.1,19.0
539.7,18.7
540.2,18.7
540.8,18.6
541.3,18.8
541.9,19.5
542.4,20.9
543.0,22.9
543.5,25.4
544.1,27.5
544.6,28.1
545.2,27.7
545.7,26.7
546.3,26.2
546.8,26.5
547.4,27.7
547.9,29.8
548.5,32.0
549.0,33.9
549.6,33.3
550.1,31.8
550.7,29.5
551.2,28.1
551.8,27.9
552.3,27.7
552.9,27.6
553.4,27.6
554.0,27.5
554.5,27.7
555.1,27.8
555.6,28.1
556.2,27.6
556.7,27.6
557.3,27.9
557.8,28.0
558.4,28.1
558.9,27.9
559.5,27.9
560.0,27.5
560.6,26.8
561.1,26.7
561.7,26.7
562.2,25.6
562.8,26.2
563.3,26.2
563.9,26.2
564.4,26.4
565.0,26.6
565.5,26.2
566.1,26.0
566.6,25.8
567.2,25.1
567.7,25.1
568.3,24.1
568.8,23.5
569.4,23.4
569.9,22.9
570.5,22.7
571.0,23.2
571.6,23.0
572.1,22.1
572.7,21.0
573.2,20.7
573.8,19.9
574.3,18.8
574.9,17.7
575.4,17.1
576.0,15.9
576.5,14.6
577.1,13.8
577.6,13.8
578.2,14.1
578.7,15.3
579.3,17.9
579.8,20.7
580.4,22.1
580.9,21.9
581.5,21.7
582.0,22.1
582.6,22.2
583.1,21.6
583.7,20.8
584.2,20.3
584.8,20.4
585.3,20.5
585.9,20.6
586.4,20.4
587.0,20.1
587.5,19.9
588.1,20.3
588.6,21.7
589.2,23.3
589.7,25.4
590.3,27.0
590.8,27.7
591.4,26.3
591.9,23.9
592.5,21.4
593.0,19.8
593.6,19.2
594.1,19.7
594.7,21.2
595.2,22.9
595.8,24.5
596.3,25.3
596.9,24.9
597.4,24.0
598.0,22.1
598.5,19.7
599.1,18.3
599.6,17.9
600.2,18.2
600.7,19.0
601.3,19.8
601.8,21.1
602.4,22.6
602.9,23.4
603.5,23.2
604.0,22.5
604.6,21.5
605.1,20.6
605.7,19.8
606.2,18.9
606.8,18.3
607.3,18.1
607.9,17.6
608.4,17.0
609.0,16.6
609.5,15.3
610.1,14.0
610.6,12.8
611.2,12.1
611.7,12.1
612.3,12.9
612.8,14.1
613.4,16.5
613.9,19.8
614.5,23.1
615.0,24.6
615.6,24.9
616.1,23.8
616.7,22.2
617.2,20.3
617.8,18.9
618.3,18.4
618.9,18.1
619.4,18.1
620.0,17.4
620.5,16.8
621.1,16.5
621.6,16.4
622.2,16.5
622.7,16.7
623.3,17.0
623.8,17.3
624.4,17.5
624.9,17.9
625.5,17.9
626.0,18.5
626.6,18.7
627.1,19.1
627.6,19.6
628.2,20.1
628.7,19.9
629.3,20.0
629.8,20.0
630.4,20.0
630.9,20.2
631.5,20.1
632.0,20.1
632.6,20.0
633.1,20.3
633.7,21.0
634.2,22.3
634.8,23.3
635.3,24.0
635.9,24.4
636.4,23.6
637.0,22.5
637.5,21.1
638.1,19.8
638.6,19.6
639.2,19.3
639.7,19.4
640.3,20.4
640.8,20.6
641.4,21.0
641.9,20.9
642.5,20.4
643.0,19.2
643.6,18.1
644.1,17.0
644.7,15.7
645.2,14.8
645.8,14.3
646.3,14.1
646.9,14.5
647.4,14.4
648.0,14.2
648.5,14.4
649.1,14.1
649.6,14.4
650.2,14.7
650.7,14.9
651.3,15.3
651.8,15.4
652.4,16.3
652.9,17.0
653.5,17.3
654.0,17.9
654.6,18.6
655.1,19.4
655.7,20.6
656.2,21.0
656.8,21.7
657.3,21.9
657.9,22.6
658.4,22.6
659.0,22.7
659.5,22.5
660.1,23.2
660.6,23.0
661.2,23.6
661.7,24.0
662.3,24.5
662.8,23.8
663.4,24.1
663.9,23.8
664.5,23.6
665.0,23.4
665.6,23.5
666.1,23.6
666.7,23.1
667.2,24.4
667.8,25.2
668.3,24.8
668.9,25.6
669.4,26.6
670.0,26.0
670.5,26.3
671.1,27.6
671.6,27.6
672.2,28.1
672.7,28.6
673.3,28.4
673.8,29.2
674.4,29.5
674.9,30.5
675.5,30.8
676.0,31.5
676.6,31.8
677.1,31.6
677.7,31.4
678.2,32.3
678.8,33.0
679.3,33.6
679.9,32.6
680.4,32.5
681.0,32.8
681.5,32.7
682.1,33.6
682.6,33.7
683.2,33.5
683.7,34.1
684.3,34.3
684.8,34.2
685.4,33.6
685.9,34.9
686.5,35.0
687.0,34.6
687.6,34.7
688.1,34.8
688.7,34.9
689.2,34.5
689.8,35.6
690.3,36.0
690.9,36.5
691.4,37.3
692.0,38.7
692.5,37.4
693.1,37.0
693.6,37.7
694.2,37.8
694.7,37.9
695.3,38.3
695.8,38.5
696.4,38.6
696.9,39.7
697.5,39.6
698.0,40.7
698.6,39.4
699.1,39.4
699.7,40.7
700.2,40.3
700.8,39.8
701.3,39.7
701.9,40.7
702.4,40.9
703.0,40.4
703.5,40.6
704.1,40.4
704.6,41.6
705.2,41.2
705.7,41.0
706.3,41.2
706.8,41.2
707.4,41.7
707.9,42.7
708.5,43.3
709.0,43.0
709.6,43.7
710.1,43.4
710.7,43.1
711.2,44.6
711.8,45.3
712.3,46.2
712.9,46.7
713.4,46.2
714.0,46.3
714.5,45.6
715.1,44.9
715.6,45.3
716.2,44.8
716.7,45.7
717.3,44.8
717.8,45.4
718.4,45.5
718.9,45.3
719.5,44.4
720.0,45.9
720.6,46.0
721.1,47.0
721.7,48.5
722.2,48.0
722.8,48.0
723.3,45.7
723.9,46.1
724.4,47.0
725.0,46.2
725.5,46.7
726.1,45.8
726.6,45.5
727.2,46.7
727.7,45.3
728.2,46.5
728.8,47.2
729.3,46.7
729.9,47.4
730.4,46.8
731.0,47.1
731.5,47.5
732.1,48.2
732.6,48.2
733.2,47.3
733.7,48.0
734.3,46.2
734.8,46.3
735.4,47.3
735.9,47.0
736.5,46.4
737.0,46.2
737.6,45.8
738.1,45.4
738.7,46.9
739.2,46.7
739.8,46.0
740.3,46.9
740.9,47.4
741.4,46.5
742.0,48.0
742.5,46.7
743.1,46.4
743.6,47.5
744.2,44.7
744.7,46.7
745.3,46.1
745.8,45.5
746.4,47.1
746.9,48.1
747.5,47.6
748.0,47.6
748.6,48.0
749.1,47.5
749.7,47.8
750.2,47.3
750.8,47.7
751.3,48.5
751.9,48.5
752.4,48.0
753.0,48.1
753.5,49.7
754.1,49.8
754.6,49.3
755.2,50.0
755.7,48.1
756.3,49.2
756.8,50.3
757.4,49.2
757.9,49.0
758.5,49.5
759.0,49.0
759.6,50.3
760.1,50.1
760.7,50.3
761.2,51.6
761.8,51.3
762.3,50.7
762.9,51.2
763.4,49.1
764.0,49.2
764.5,49.5
765.1,49.5
765.6,49.1
766.2,47.6
766.7,49.6
767.3,50.2
767.8,49.3
768.4,50.1
768.9,49.9
769.5,49.3
770.0,50.2
770.6,49.9
771.1,49.1
771.7,48.1
772.2,48.6
772.8,49.0
773.3,49.5
773.9,49.8
774.4,50.9
775.0,50.8
775.5,48.8
776.1,48.7
