Nanometers   Percentual
-----------------------
355.5,69.5
356.1,66.9
356.6,65.6
357.2,64.8
357.7,64.5
358.3,62.2
358.8,62.8
359.4,63.0
359.9,62.9
360.5,61.0
361.0,60.5
361.6,60.2
362.1,60.1
362.7,59.0
363.2,58.3
363.8,58.8
364.3,58.3
364.9,57.4
365.4,58.0
366.0,57.8
366.5,57.4
367.1,57.6
367.6,57.2
368.2,56.7
368.7,56.7
369.3,55.4
369.8,55.3
370.4,56.7
370.9,56.5
371.5,56.9
372.0,56.1
372.6,56.1
373.1,56.5
373.7,57.4
374.2,57.6
374.8,57.6
375.3,57.9
375.9,58.4
376.4,58.3
377.0,58.0
377.5,58.9
378.1,60.1
378.6,60.0
379.2,60.5
379.7,60.5
380.3,60.7
380.8,62.9
381.4,62.4
381.9,62.9
382.5,63.6
383.0,64.1
383.6,64.7
384.1,63.6
384.7,63.1
385.2,63.6
385.8,64.9
386.3,65.5
386.9,65.3
387.4,65.8
388.0,65.4
388.5,65.5
389.1,65.6
389.6,65.9
390.2,67.0
390.7,68.3
391.3,69.6
391.8,71.4
392.4,72.5
392.9,70.6
393.5,70.0
394.0,71.3
394.6,71.6
395.1,73.0
395.7,73.7
396.2,74.8
396.8,73.7
397.3,72.9
397.9,73.2
398.4,74.4
399.0,75.5
399.5,74.6
400.1,75.2
400.6,74.2
401.2,73.7
401.7,74.0
402.3,74.2
402.8,75.4
403.4,75.0
403.9,73.7
404.5,74.3
405.0,73.2
405.6,71.4
406.1,71.3
406.7,70.6
407.2,71.0
407.8,69.3
408.3,68.6
408.9,68.5
409.4,68.3
410.0,67.6
410.5,68.5
411.1,68.5
411.6,66.9
412.2,64.8
412.7,65.1
413.3,64.6
413.8,65.1
414.4,63.5
414.9,61.9
415.5,60.6
416.0,59.0
416.6,59.4
417.1,59.6
417.7,59.0
418.2,58.0
418.8,57.3
419.3,56.5
419.9,55.2
420.4,55.2
421.0,54.4
421.5,54.2
422.1,54.3
422.6,52.8
423.2,52.8
423.7,52.0
424.3,51.5
424.8,50.6
425.4,49.4
425.9,49.1
426.5,48.6
427.0,47.4
427.6,46.5
428.1,46.9
428.6,46.6
429.2,45.7
429.7,44.9
430.3,44.4
430.8,43.5
431.4,44.7
431.9,52.5
432.5,74.8
433.0,       110.0
433.6,       110.0
434.1,       110.0
434.7,87.8
435.2,58.5
435.8,48.8
436.3,47.8
436.9,45.7
437.4,42.4
438.0,40.8
438.5,39.2
439.1,38.6
439.6,38.9
440.2,39.8
440.7,40.4
441.3,40.5
441.8,39.4
442.4,38.6
442.9,38.7
443.5,38.8
444.0,38.7
444.6,37.4
445.1,37.9
445.7,38.3
446.2,37.9
446.8,37.7
447.3,37.6
447.9,37.0
448.4,36.6
449.0,36.4
449.5,36.9
450.1,37.3
450.6,37.3
451.2,36.9
451.7,37.1
452.3,36.7
452.8,36.3
453.4,36.6
453.9,36.4
454.5,36.7
455.0,36.7
455.6,37.0
456.1,37.3
456.7,37.1
457.2,36.8
457.8,37.3
458.3,37.3
458.9,37.0
459.4,37.1
460.0,36.9
460.5,37.0
461.1,36.8
461.6,36.7
462.2,36.6
462.7,37.1
463.3,37.5
463.8,37.4
464.4,36.7
464.9,37.2
465.5,37.8
466.0,37.7
466.6,38.2
467.1,38.2
467.7,38.2
468.2,38.6
468.8,38.7
469.3,39.6
469.9,39.4
470.4,39.5
471.0,39.7
471.5,39.7
472.1,40.0
472.6,39.7
473.2,39.5
473.7,39.6
474.3,40.2
474.8,41.2
475.4,41.6
475.9,42.0
476.5,43.0
477.0,44.3
477.6,44.4
478.1,44.7
478.7,45.7
479.2,47.5
479.8,48.9
480.3,51.6
480.9,54.3
481.4,56.6
482.0,59.4
482.5,62.4
483.1,65.3
483.6,66.8
484.2,68.4
484.7,69.3
485.3,68.6
485.8,67.3
486.4,66.1
486.9,64.7
487.5,63.4
488.0,62.4
488.6,61.9
489.1,61.7
489.7,61.9
490.2,62.1
490.8,61.9
491.3,61.9
491.9,62.1
492.4,62.0
493.0,61.7
493.5,61.5
494.1,61.3
494.6,61.2
495.2,61.0
495.7,60.5
496.3,60.1
496.8,59.6
497.4,59.0
497.9,58.6
498.5,58.2
499.0,57.6
499.6,56.7
500.1,55.7
500.7,54.3
501.2,53.8
501.8,53.0
502.3,52.3
502.9,51.3
503.4,50.8
504.0,50.1
504.5,49.2
505.1,48.8
505.6,48.6
506.2,47.6
506.7,47.8
507.3,47.7
507.8,47.9
508.4,47.8
508.9,47.1
509.5,46.6
510.0,46.5
510.6,46.7
511.1,46.3
511.7,46.2
512.2,46.1
512.8,46.0
513.3,45.7
513.9,45.8
514.4,46.4
515.0,45.8
515.5,45.6
516.1,45.6
516.6,45.3
517.2,44.9
517.7,44.8
518.3,45.0
518.8,45.0
519.4,45.0
519.9,45.5
520.5,45.0
521.0,44.5
521.6,44.5
522.1,44.5
522.7,44.7
523.2,44.3
523.8,44.3
524.3,45.0
524.9,44.9
525.4,44.9
526.0,45.2
526.5,45.9
527.1,46.4
527.6,47.3
528.1,47.8
528.7,48.5
529.2,49.5
529.8,51.4
530.3,52.9
530.9,55.0
531.4,58.4
532.0,61.4
532.5,62.6
533.1,62.9
533.6,63.2
534.2,64.1
534.7,65.6
535.3,67.7
535.8,69.5
536.4,70.7
536.9,70.3
537.5,70.4
538.0,71.0
538.6,72.3
539.1,73.2
539.7,74.4
540.2,75.1
540.8,74.6
541.3,72.8
541.9,71.3
542.4,70.7
543.0,70.7
543.5,71.8
544.1,75.9
544.6,80.9
545.2,81.5
545.7,78.1
546.3,72.0
546.8,68.7
547.4,68.1
547.9,67.2
548.5,66.1
549.0,65.3
549.6,64.3
550.1,63.3
550.7,62.3
551.2,60.8
551.8,59.6
552.3,58.0
552.9,56.6
553.4,55.3
554.0,54.1
554.5,53.5
555.1,52.9
555.6,52.5
556.2,52.2
556.7,52.1
557.3,51.5
557.8,51.2
558.4,50.9
558.9,50.4
559.5,50.5
560.0,49.7
560.6,49.3
561.1,49.0
561.7,48.7
562.2,48.0
562.8,47.2
563.3,47.3
563.9,47.2
564.4,46.8
565.0,46.6
565.5,47.0
566.1,46.4
566.6,46.2
567.2,46.5
567.7,46.8
568.3,47.0
568.8,46.9
569.4,47.0
569.9,47.5
570.5,46.9
571.0,46.7
571.6,45.5
572.1,44.3
572.7,43.5
573.2,43.3
573.8,43.2
574.3,44.7
574.9,49.2
575.4,54.6
576.0,55.9
576.5,53.6
577.1,51.8
577.6,53.2
578.2,54.9
578.7,54.3
579.3,52.8
579.8,51.7
580.4,52.5
580.9,52.5
581.5,52.9
582.0,53.3
582.6,53.5
583.1,53.4
583.7,53.3
584.2,53.6
584.8,54.4
585.3,55.5
585.9,57.1
586.4,57.2
587.0,55.3
587.5,52.4
588.1,50.2
588.6,49.9
589.2,50.5
589.7,51.3
590.3,52.2
590.8,53.0
591.4,54.0
591.9,54.8
592.5,54.2
593.0,52.3
593.6,49.9
594.1,48.0
594.7,47.7
595.2,47.9
595.8,48.3
596.3,48.1
596.9,47.9
597.4,48.6
598.0,49.7
598.5,49.9
599.1,49.6
599.6,48.8
600.2,48.3
600.7,47.9
601.3,48.3
601.8,49.6
602.4,51.4
602.9,53.3
603.5,53.8
604.0,53.8
604.6,53.7
605.1,53.4
605.7,53.1
606.2,52.5
606.8,52.1
607.3,52.7
607.9,52.7
608.4,52.7
609.0,53.6
609.5,56.6
610.1,60.4
610.6,61.4
611.2,58.7
611.7,53.8
612.3,47.5
612.8,43.4
613.4,42.0
613.9,41.3
614.5,40.6
615.0,39.8
615.6,38.9
616.1,37.9
616.7,37.6
617.2,37.8
617.8,37.5
618.3,37.0
618.9,36.5
619.4,36.5
620.0,36.6
620.5,36.4
621.1,35.8
621.6,36.0
622.2,37.1
622.7,37.8
623.3,38.0
623.8,38.2
624.4,38.3
624.9,38.5
625.5,38.5
626.0,38.6
626.6,39.2
627.1,39.1
627.6,39.9
628.2,40.2
628.7,40.2
629.3,40.4
629.8,41.0
630.4,41.6
630.9,43.0
631.5,42.6
632.0,41.7
632.6,40.0
633.1,38.0
633.7,37.4
634.2,37.1
634.8,37.1
635.3,37.0
635.9,37.1
636.4,37.1
637.0,36.5
637.5,35.9
638.1,35.7
638.6,35.6
639.2,35.2
639.7,35.3
640.3,35.6
640.8,34.8
641.4,34.8
641.9,34.6
642.5,33.7
643.0,31.9
643.6,30.0
644.1,27.9
644.7,25.6
645.2,24.1
645.8,23.1
646.3,22.9
646.9,23.1
647.4,23.0
648.0,23.2
648.5,22.7
649.1,22.6
649.6,22.8
650.2,23.1
650.7,23.5
651.3,24.4
651.8,24.9
652.4,26.0
652.9,26.9
653.5,28.1
654.0,29.2
654.6,30.4
655.1,31.1
655.7,31.4
656.2,32.1
656.8,33.3
657.3,34.5
657.9,35.0
658.4,35.2
659.0,35.5
659.5,35.6
660.1,35.8
660.6,36.2
661.2,36.2
661.7,37.1
662.3,37.8
662.8,37.3
663.4,37.3
663.9,36.9
664.5,36.7
665.0,36.5
665.6,35.7
666.1,35.7
666.7,35.8
667.2,37.0
667.8,37.5
668.3,38.2
668.9,39.1
669.4,39.4
670.0,39.8
670.5,40.8
671.1,41.2
671.6,41.5
672.2,41.5
672.7,41.6
673.3,41.9
673.8,42.9
674.4,43.7
674.9,45.1
675.5,45.8
676.0,46.4
676.6,46.9
677.1,46.8
677.7,48.0
678.2,47.8
678.8,48.2
679.3,48.0
679.9,49.1
680.4,49.7
681.0,49.1
681.5,48.0
682.1,49.2
682.6,49.7
683.2,49.6
683.7,50.1
684.3,50.2
684.8,50.2
685.4,49.7
685.9,50.4
686.5,50.0
687.0,50.6
687.6,50.5
688.1,50.9
688.7,51.7
689.2,52.4
689.8,53.1
690.3,52.7
690.9,52.4
691.4,53.5
692.0,54.9
692.5,54.0
693.1,53.7
693.6,55.5
694.2,55.6
694.7,56.4
695.3,57.0
695.8,57.1
696.4,56.8
696.9,56.6
697.5,56.6
698.0,58.3
698.6,57.9
699.1,57.3
699.7,57.4
700.2,58.2
700.8,59.7
701.3,58.6
701.9,58.9
702.4,58.9
703.0,58.6
703.5,58.8
704.1,59.3
704.6,59.6
705.2,59.1
705.7,59.5
706.3,60.2
706.8,60.4
707.4,60.0
707.9,60.2
708.5,61.1
709.0,63.2
709.6,61.9
710.1,63.4
710.7,62.7
711.2,61.9
711.8,62.1
712.3,63.2
712.9,63.5
713.4,63.7
714.0,62.8
714.5,62.9
715.1,62.8
715.6,63.3
716.2,62.6
716.7,62.6
717.3,62.0
717.8,61.7
718.4,62.4
718.9,63.5
719.5,64.3
720.0,64.2
720.6,64.4
721.1,63.8
721.7,66.1
722.2,66.1
722.8,65.3
723.3,65.0
723.9,66.4
724.4,65.5
725.0,66.6
725.5,65.9
726.1,65.6
726.6,65.4
727.2,65.4
727.7,65.5
728.2,66.8
728.8,65.9
729.3,67.2
729.9,67.7
730.4,65.0
731.0,65.8
731.5,66.9
732.1,67.4
732.6,66.2
733.2,67.1
733.7,67.6
734.3,66.5
734.8,66.5
735.4,67.3
735.9,66.2
736.5,65.6
737.0,65.4
737.6,65.5
738.1,65.2
738.7,65.8
739.2,64.8
739.8,65.4
740.3,64.9
740.9,67.1
741.4,67.9
742.0,66.6
742.5,65.1
743.1,65.6
743.6,66.1
744.2,64.5
744.7,66.2
745.3,66.4
745.8,65.8
746.4,65.4
746.9,65.1
747.5,65.6
748.0,66.6
748.6,66.6
749.1,66.8
749.7,66.2
750.2,67.7
750.8,68.3
751.3,68.8
751.9,69.9
752.4,68.3
753.0,67.7
753.5,67.5
754.1,66.7
754.6,66.2
755.2,67.3
755.7,66.1
756.3,67.1
756.8,67.3
757.4,67.1
757.9,67.3
758.5,67.1
759.0,67.0
759.6,67.2
760.1,67.5
760.7,67.1
761.2,67.2
761.8,66.7
762.3,66.1
762.9,68.3
763.4,68.5
764.0,68.8
764.5,69.7
765.1,69.2
765.6,69.3
766.2,68.8
766.7,68.5
767.3,67.3
767.8,68.1
768.4,68.1
768.9,67.0
769.5,66.5
770.0,68.6
770.6,68.3
771.1,66.9
771.7,66.9
772.2,68.0
772.8,68.6
773.3,67.4
773.9,68.7
774.4,67.6
775.0,66.4
775.5,65.0
776.1,65.4
